image_width: 1440
image_height: 1080
camera_name: cam_blackfly
camera_matrix:
  rows: 3
  cols: 3
#  data: [1184.6768230019047, 0.0, 746.3130337893909, 
#         0.0, 1185.0850857706398, 590.3484659280439, 
#         0.0, 0.0, 1.0]
  data: [592.3384115009523, 0.0, 373.1565168946955, 
         0.0, 592.5425428853199, 295.174232964022, 
         0.0, 0.0, 1.0]
distortion_model: equidistant
distortion_coefficients:
  rows: 1
  cols: 4
  data: [-0.017289783400366545, -0.020942164314791952, 0.026602452388412,
    -0.018570922720872025]